21
0
1,1
00000
00100
00000
1
1,0
00000
01100
00000
2
1,0
00000
01110
00000
2
1,0
01000
01100
00000
4,3
1,0
00100
01110
00000
4
0,0
01100
00110
00000
4,3
0,0
01000
01110
00000
4
1,1
01100
01100
00000
3
1,0
00000
11110
00000
5
1,1
00100
01110
00100
5,6
1,0
00100
01110
01000
5,9
0,0
00100
01111
00000
5,7
1,0
01000
01111
01000
6,7
0,0
00110
11100
00000
7,9
0,0
01000
01111
00000
7
1,0
01010
01110
00000
7
1,0
01000
01110
00010
6
1,0
01000
01100
00110
7
1,0
01110
00010
00010
6,8
0,0
00110
01110
00000
9
1,0
00000
11111
00000